Kumar, 2006
            |   PULP    |   VOGEL   |
     Costo: |    1450.0 |    1530.0 |
    Tiempo: |      0.24 |    0.0011 |
Asig. PULP:[(1, 3), (2, 8), (3, 4), (4, 7), (5, 1), (5, 2), (5, 5), (5, 6)]
Asig.VOGEL:[(5, 1), (5, 2), (5, 6), (1, 3), (1, 7), (4, 8), (2, 4), (3, 5)]
----------------------------------------------------------------------
Majundar y Bhunia, 2012-A
            |   PULP    |   VOGEL   |
     Costo: |     128.0 |     128.0 |
    Tiempo: |      0.18 |     0.002 |
Asig. PULP:[(1, 3), (2, 4), (3, 5), (4, 7), (5, 1), (5, 2), (5, 6)]
Asig.VOGEL:[(5, 1), (5, 2), (5, 6), (4, 7), (1, 3), (2, 4), (3, 5)]
----------------------------------------------------------------------
Majundar y Bhunia, 2012-B
            |   PULP    |   VOGEL   |
     Costo: |      65.0 |      73.0 |
    Tiempo: |      0.13 |     0.003 |
Asig. PULP:[(1, 2), (2, 4), (2, 5), (2, 7), (3, 1), (3, 3), (4, 6), (5, 8), (6, 10), (6, 9)]
Asig.VOGEL:[(2, 4), (1, 2), (2, 7), (6, 10), (3, 1), (3, 3), (4, 6), (1, 5), (2, 8), (5, 9)]
----------------------------------------------------------------------
Majundar y Bhunia, 2012-C
            |   PULP    |   VOGEL   |
     Costo: |      69.0 |      74.0 |
    Tiempo: |      0.13 |     0.004 |
Asig. PULP:[(1, 4), (2, 6), (2, 7), (3, 1), (4, 3), (4, 8), (5, 9), (6, 5), (7, 10), (7, 2)]
Asig.VOGEL:[(4, 8), (5, 9), (2, 6), (2, 7), (2, 4), (1, 2), (5, 5), (6, 3), (3, 1), (7, 10)]
----------------------------------------------------------------------
Wang et al, 2015
            |   PULP    |   VOGEL   |
     Costo: |      17.0 |      19.0 |
    Tiempo: |      0.18 |     0.001 |
Asig. PULP:[(1, 3), (1, 4), (2, 2), (3, 1), (3, 5)]
Asig.VOGEL:[(1, 3), (1, 4), (2, 5), (1, 1), (3, 2)]
----------------------------------------------------------------------
Mondal et al, 2017
            |   PULP    |   VOGEL   |
     Costo: |    1476.0 |    1495.0 |
    Tiempo: |      0.18 |     0.002 |
Asig. PULP:[(1, 1), (1, 2), (1, 7), (2, 5), (3, 6), (3, 8), (4, 4), (5, 3)]
Asig.VOGEL:[(3, 6), (4, 4), (1, 7), (1, 1), (2, 5), (4, 2), (3, 8), (5, 3)]
----------------------------------------------------------------------
Khandelwal, 2018
            |   PULP    |   VOGEL   |
     Costo: |      23.0 |      25.0 |
    Tiempo: |      0.13 |     0.001 |
Asig. PULP:[(1, 2), (2, 4), (3, 1), (3, 3), (3, 6), (4, 5)]
Asig.VOGEL:[(3, 1), (3, 4), (4, 5), (2, 2), (1, 3), (3, 6)]
----------------------------------------------------------------------
Dubey, 2018
            |   PULP    |   VOGEL   |
     Costo: |      14.0 |      14.0 |
    Tiempo: |      0.12 |     0.002 |
Asig. PULP:[(1, 2), (1, 4), (2, 3), (2, 6), (3, 1), (3, 5)]
Asig.VOGEL:[(1, 4), (3, 5), (2, 6), (2, 3), (3, 1), (1, 2)]
----------------------------------------------------------------------
